- Blood Lab
- Date: 2022-12-07 16:50:44
- Duration: 15.00 s

1698
1698
1699
1697
1696
1696
1694
1698
1695
1696
1689
1692
1693
1695
1692
1695
1695
1695
1690
1690
1691
1690
1695
1688
1688
1688
1689
1688
1689
1691
1691
1688
1686
1690
1691
1691
1687
1691
1689
1687
1689
1691
1688
1684
1688
1686
1687
1685
1686
1685
1686
1687
1687
1688
1683
1682
1685
1687
1687
1688
1684
1687
1683
1683
1681
1685
1685
1684
1688
1681
1687
1683
1688
1687
1690
1686
1689
1684
1687
1686
1686
1680
1682
1678
1681
1679
1680
1680
1679
1683
1682
1678
1681
1678
1681
1681
1679
1677
1676
1675
1677
1673
1675
1674
1676
1678
1675
1676
1676
1676
1672
1672
1669
1675
1674
1675
1676
1675
1674
1676
1676
1674
1673
1677
1673
1673
1674
1673
1669
1673
1671
1672
1673
1671
1672
1672
1670
1672
1671
1671
1670
1672
1671
1672
1667
1670
1669
1671
1667
1670
1667
1669
1665
1671
1670
1667
1669
1668
1669
1665
1670
1670
1665
1670
1667
1667
1664
1670
1667
1668
1667
1665
1667
1664
1666
1665
1663
1659
1665
1664
1665
1663
1667
1661
1664
1668
1668
1669
1670
1667
1664
1663
1666
1664
1666
1659
1661
1661
1665
1662
1662
1657
1663
1657
1655
1649
1648
1647
1639
1639
1633
1628
1625
1622
1618
1613
1610
1607
1606
1598
1600
1599
1599
1593
1590
1588
1588
1588
1587
1586
1584
1585
1585
1585
1584
1583
1584
1584
1584
1580
1584
1584
1577
1581
1579
1580
1578
1582
1582
1580
1578
1582
1580
1577
1574
1574
1571
1563
1561
1559
1555
1551
1548
1545
1536
1532
1528
1528
1525
1520
1513
1513
1508
1504
1499
1499
1491
1488
1482
1481
1475
1473
1471
1467
1463
1458
1451
1453
1446
1443
1444
1435
1432
1428
1422
1422
1419
1416
1411
1415
1409
1408
1404
1406
1399
1398
1395
1390
1384
1380
1377
1372
1368
1364
1359
1356
1351
1349
1349
1344
1340
1337
1331
1330
1329
1321
1318
1318
1315
1311
1308
1307
1304
1302
1299
1291
1288
1287
1284
1281
1279
1273
1269
1270
1262
1262
1258
1255
1249
1248
1246
1245
1241
1238
1235
1230
1231
1227
1223
1221
1219
1215
1211
1211
1206
1204
1198
1200
1191
1192
1191
1185
1186
1183
1180
1174
1171
1171
1168
1163
1162
1160
1161
1154
1152
1146
1143
1144
1142
1136
1132
1131
1129
1127
1126
1122
1119
1118
1114
1114
1108
1108
1106
1105
1110
1108
1107
1113
1112
1112
1108
1110
1106
1102
1102
1094
1094
1089
1085
1088
1081
1078
1075
1075
1072
1071
1072
1069
1063
1060
1058
1054
1052
1052
1050
1048
1044
1042
1038
1038
1036
1033
1033
1030
1026
1027
1024
1020
1015
1011
1012
1007
1007
1002
1000
997
996
995
990
989
988
984
982
980
979
976
973
975
971
967
964
963
958
957
957
954
947
949
947
946
942
941
939
935
933
931
931
927
922
921
921
919
918
913
915
911
905
909
908
902
902
902
899
898
894
893
890
889
889
884
881
880
880
878
883
885
888
891
891
891
891
891
887
891
886
886
886
880
880
879
879
874
876
870
868
867
867
861
859
857
859
855
854
849
849
848
846
844
843
840
838
839
836
833
835
831
827
825
824
825
824
819
816
814
814
811
812
810
806
806
805
804
802
798
796
800
794
795
789
793
789
787
786
787
784
780
784
778
777
774
772
775
770
768
767
765
769
763
759
760
759
757
755
756
753
752
750
750
749
743
743
742
740
739
738
738
737
734
735
732
731
730
727
726
724
725
724
720
719
719
718
723
723
729
729
728
727
727
723
723
723
722
722
719
719
718
718
714
713
711
709
708
706
703
703
703
703
702
700
699
697
699
695
690
693
690
690
688
688
687
687
686
684
686
685
680
679
678
675
674
675
672
671
671
671
672
668
669
667
664
665
663
661
659
661
659
658
657
657
657
654
656
652
652
650
650
647
646
644
642
646
642
641
641
641
639
640
638
637
637
632
634
631
631
629
630
625
627
625
625
624
625
623
622
621
621
622
620
624
625
625
627
622
624
624
623
620
617
617
618
619
613
613
612
609
611
611
609
608
609
608
607
605
604
605
601
600
602
601
600
600
598
598
599
597
595
593
592
593
592
590
590
590
589
587
584
583
582
584
583
583
580
583
580
578
578
577
575
578
577
575
573
573
574
575
571
571
571
570
567
569
569
565
564
564
565
565
562
563
560
559
560
558
557
558
555
556
553
552
554
552
554
552
551
548
548
551
546
548
544
545
545
544
540
540
541
542
539
545
545
545
546
547
548
546
546
545
545
545
543
540
543
538
539
536
534
538
538
535
535
535
534
532
532
532
532
530
528
528
529
527
529
524
524
529
525
526
524
522
523
521
523
522
519
521
519
518
517
515
516
516
514
513
514
513
512
511
512
511
512
510
508
507
508
510
506
505
504
504
504
503
507
502
504
501
502
499
502
499
497
497
498
498
495
498
492
495
494
494
492
492
488
492
487
489
492
487
488
487
488
487
484
483
486
487
483
482
481
483
479
481
480
480
481
486
483
483
487
484
483
484
485
484
483
483
481
478
477
479
477
476
475
476
477
476
476
475
474
474
474
473
472
471
470
471
470
469
471
467
468
466
467
467
464
467
464
463
463
463
463
463
460
460
460
460
460
458
459
460
459
457
456
457
456
459
454
454
455
453
453
454
455
453
454
452
451
450
449
449
449
450
450
447
448
444
447
448
445
445
443
443
444
442
443
440
440
438
440
437
439
439
438
439
436
440
436
436
433
436
435
435
433
433
434
433
433
433
432
431
432
433
433
433
437
434
435
435
437
434
434
433
430
430
432
428
431
428
426
430
427
426
428
424
426
428
426
423
425
425
426
424
423
423
424
424
423
422
421
421
420
421
418
418
418
419
416
417
417
415
415
417
415
412
414
415
412
415
412
412
413
411
414
411
410
413
410
409
410
409
408
407
408
408
409
410
408
411
411
412
412
412
414
415
415
414
415
415
414
415
414
415
414
412
415
414
416
415
417
415
416
418
422
422
419
422
424
424
425
423
424
424
424
424
427
425
427
423
423
425
426
425
428
430
425
427
426
426
428
426
428
430
427
428
427
427
430
427
432
427
432
428
430
429
431
426
429
431
429
431
430
429
431
430
429
431
432
428
429
430
429
429
432
432
432
431
431
429
432
430
430
430
432
431
432
431
430
429
434
432
431
430
430
432
428
431
430
429
430
428
430
430
439
448
464
481
501
521
545
566
584
604
625
648
667
688
707
722
732
742
750
748
741
736
728
728
723
720
717
715
711
711
708
705
705
703
702
700
700
699
697
698
695
697
697
693
691
691
693
688
692
711
737
768
803
831
864
896
934
971
1006
1037
1070
1098
1119
1131
1133
1131
1118
1111
1098
1094
1089
1086
1079
1075
1072
1068
1069
1065
1060
1060
1060
1056
1054
1052
1054
1051
1049
1050
1065
1089
1120
1159
1195
1235
1275
1312
1352
1390
1426
1463
1497
1520
1535
1542
1544
1534
1521
1517
1509
1503
1504
1500
1495
1491
1489
1486
1482
1486
1477
1483
1476
1475
1471
1471
1468
1467
1469
1464
1464
1462
1463
1460
1457
1460
1466
1484
1509
1536
1567
1602
1632
1663
1691
1712
1733
1747
1750
1750
1741
1734
1732
1728
1723
1720
1720
1719
1712
1712
1710
1707
1708
1703
1702
1701
1699
1699
1696
1692
1692
1694
1687
1690
1690
1687
1688
1687
1679
1682
1682
1681
1678
1679
1677
1679
1677
1676
1675
