- Blood Lab
- Date: 2022-12-07 16:54:25
- Duration: 20.00 s
130/70
1468
1466
1460
1463
1464
1463
1463
1460
1464
1464
1460
1460
1459
1458
1461
1461
1463
1460
1463
1463
1462
1460
1463
1463
1461
1464
1465
1471
1470
1476
1477
1476
1476
1475
1476
1477
1476
1473
1474
1474
1468
1470
1467
1465
1467
1464
1467
1468
1469
1468
1464
1465
1465
1465
1464
1461
1463
1462
1460
1459
1461
1460
1462
1458
1460
1461
1460
1455
1459
1459
1456
1457
1457
1456
1457
1457
1457
1455
1456
1453
1456
1457
1451
1455
1457
1454
1454
1455
1453
1454
1454
1450
1451
1449
1451
1452
1448
1452
1452
1453
1452
1449
1449
1447
1451
1445
1446
1448
1446
1447
1447
1446
1448
1444
1444
1443
1446
1442
1442
1443
1439
1438
1438
1434
1434
1436
1434
1437
1436
1432
1427
1431
1431
1430
1427
1426
1427
1423
1422
1419
1424
1420
1425
1427
1429
1429
1432
1430
1430
1428
1426
1422
1424
1419
1417
1414
1409
1407
1407
1404
1407
1407
1404
1400
1400
1398
1397
1394
1393
1393
1393
1393
1391
1390
1389
1386
1384
1380
1383
1380
1380
1377
1377
1377
1374
1372
1370
1369
1368
1368
1368
1365
1361
1363
1358
1362
1360
1352
1356
1355
1356
1353
1353
1352
1350
1350
1348
1345
1347
1342
1345
1342
1340
1339
1341
1336
1338
1332
1334
1333
1334
1334
1331
1329
1328
1327
1329
1327
1325
1325
1319
1321
1322
1318
1320
1315
1315
1316
1315
1316
1315
1311
1313
1308
1310
1307
1306
1308
1302
1304
1305
1312
1313
1315
1318
1320
1320
1323
1319
1321
1319
1319
1318
1314
1312
1308
1308
1307
1305
1304
1304
1304
1303
1303
1300
1299
1297
1297
1292
1294
1291
1287
1291
1288
1285
1288
1284
1282
1283
1281
1280
1275
1272
1275
1273
1269
1269
1271
1267
1269
1263
1263
1265
1263
1260
1261
1259
1258
1256
1256
1254
1254
1255
1252
1253
1251
1254
1248
1246
1247
1246
1247
1244
1244
1243
1243
1238
1238
1240
1237
1235
1235
1236
1236
1231
1234
1231
1235
1233
1230
1228
1227
1228
1227
1225
1226
1225
1224
1223
1220
1221
1221
1222
1219
1220
1216
1216
1216
1216
1216
1210
1212
1211
1212
1211
1208
1206
1208
1208
1206
1209
1211
1212
1216
1217
1223
1225
1225
1229
1231
1226
1227
1227
1224
1222
1219
1218
1215
1217
1215
1213
1212
1214
1213
1212
1212
1209
1206
1203
1202
1207
1203
1201
1202
1200
1200
1199
1197
1198
1199
1197
1191
1190
1190
1191
1189
1185
1185
1183
1183
1184
1182
1180
1177
1171
1175
1176
1175
1169
1174
1172
1172
1167
1168
1168
1167
1167
1167
1164
1162
1164
1164
1162
1161
1158
1159
1156
1155
1153
1154
1153
1151
1150
1153
1152
1147
1147
1146
1144
1145
1142
1144
1142
1143
1143
1141
1138
1143
1138
1140
1138
1138
1135
1136
1134
1135
1134
1134
1130
1137
1139
1140
1145
1148
1155
1154
1155
1155
1158
1155
1156
1154
1154
1155
1155
1154
1154
1155
1152
1152
1153
1151
1148
1151
1149
1148
1148
1143
1142
1143
1140
1142
1142
1137
1133
1134
1132
1132
1132
1132
1130
1128
1125
1124
1124
1119
1117
1120
1115
1114
1115
1112
1114
1111
1107
1110
1104
1107
1107
1103
1104
1104
1103
1104
1101
1099
1098
1099
1095
1098
1092
1096
1095
1092
1092
1091
1090
1089
1091
1087
1085
1085
1086
1085
1085
1081
1084
1080
1080
1079
1077
1078
1077
1075
1078
1076
1073
1075
1073
1074
1070
1071
1069
1069
1071
1070
1068
1069
1068
1070
1068
1068
1068
1068
1065
1065
1070
1072
1076
1078
1082
1088
1085
1090
1092
1094
1089
1094
1095
1095
1096
1093
1091
1091
1090
1090
1089
1089
1088
1087
1084
1084
1082
1079
1080
1075
1075
1076
1074
1071
1073
1072
1071
1072
1071
1067
1066
1062
1068
1068
1064
1062
1059
1056
1059
1057
1052
1050
1054
1052
1052
1050
1049
1047
1045
1046
1046
1043
1039
1042
1040
1038
1036
1038
1036
1039
1030
1034
1032
1033
1034
1032
1030
1029
1028
1027
1027
1024
1024
1021
1023
1020
1022
1020
1020
1019
1018
1019
1018
1018
1016
1012
1015
1011
1013
1011
1010
1008
1011
1010
1015
1018
1021
1029
1031
1033
1038
1038
1039
1042
1041
1044
1041
1041
1042
1036
1038
1039
1038
1036
1034
1034
1033
1033
1030
1028
1025
1026
1025
1023
1020
1022
1020
1020
1016
1020
1017
1016
1016
1012
1013
1013
1013
1010
1009
1009
1007
1004
1006
1003
1004
999
999
996
996
995
993
995
990
990
991
988
988
988
984
987
984
984
987
981
983
983
984
981
980
977
976
976
975
974
975
972
972
970
968
969
971
967
967
967
966
964
965
965
961
961
960
959
963
959
960
960
956
955
955
956
956
954
955
952
950
952
960
964
969
976
975
979
984
985
987
990
986
988
988
986
987
987
983
984
985
982
982
983
982
983
979
978
976
976
975
974
974
970
972
971
971
970
969
970
967
967
967
965
966
963
963
959
960
955
954
957
952
955
951
947
948
947
948
946
945
947
945
942
940
943
941
939
938
939
939
937
938
932
934
935
935
933
931
931
931
931
928
924
928
925
927
926
923
922
923
922
921
920
920
919
915
916
919
918
917
916
916
916
913
914
910
914
908
912
910
909
905
906
909
906
907
913
917
921
925
929
932
935
936
938
940
938
936
934
935
934
930
933
934
930
930
930
929
928
924
924
923
924
920
922
921
918
921
918
919
918
917
917
918
918
913
915
911
910
912
911
907
906
907
907
905
904
901
900
901
899
896
898
898
896
894
897
895
893
892
894
891
892
892
889
890
888
888
889
887
884
885
884
882
880
883
883
881
879
879
876
876
873
875
874
875
875
870
874
871
871
871
870
870
868
866
870
865
865
865
867
864
873
875
881
887
887
892
893
892
892
892
892
895
889
888
891
888
891
885
886
885
884
885
882
883
884
880
879
878
880
879
873
876
872
877
876
872
875
872
871
875
874
870
870
865
868
867
867
864
861
862
861
861
863
860
857
858
855
859
857
857
855
854
856
852
853
851
851
851
848
849
848
848
846
847
846
841
844
844
842
840
842
842
836
838
838
836
838
836
833
836
834
831
832
830
834
831
831
831
828
829
828
825
826
828
825
826
824
824
824
823
822
824
823
821
820
820
819
823
827
829
837
839
844
846
847
847
847
845
847
848
847
843
843
841
843
842
841
843
840
839
839
838
838
832
835
835
833
832
834
833
830
830
829
830
828
828
828
825
826
826
826
824
823
824
822
822
820
819
820
816
816
816
815
814
812
814
815
812
814
810
810
812
808
812
809
811
809
809
807
807
808
806
802
802
806
804
803
801
799
800
802
800
799
796
796
796
798
795
798
794
796
792
793
791
792
790
792
791
788
793
788
789
786
788
785
785
786
789
791
795
798
803
804
807
806
808
805
805
803
807
803
806
802
800
803
799
799
797
800
798
797
795
793
795
792
791
792
791
793
792
793
791
791
791
788
790
788
790
787
785
786
784
780
783
781
782
781
777
782
780
780
778
776
775
777
776
775
776
774
771
775
775
771
773
773
771
769
773
768
768
770
768
769
766
766
765
766
764
762
760
762
761
762
761
764
759
757
757
755
757
757
756
756
756
756
756
756
754
753
753
753
753
754
753
752
751
753
748
751
748
749
750
747
746
748
745
747
744
746
744
749
755
758
759
764
764
769
768
769
768
768
768
765
765
765
763
763
761
764
763
760
758
761
760
761
757
758
756
757
754
755
752
752
754
755
753
752
751
751
747
750
750
750
746
747
745
745
746
741
743
742
738
742
742
739
740
739
738
739
738
737
740
738
736
738
736
735
735
737
733
732
734
735
732
734
732
731
732
726
728
729
725
727
726
725
726
726
727
724
723
727
723
722
723
722
722
723
723
720
720
720
719
719
718
720
719
717
719
720
715
717
716
715
714
714
714
712
715
713
712
711
711
711
707
707
711
711
719
718
724
726
726
729
731
729
731
730
729
729
728
727
724
724
724
723
727
722
724
721
721
720
720
719
718
720
721
716
719
718
718
718
719
716
715
715
713
713
712
716
712
713
712
710
710
707
706
710
707
707
705
705
704
703
706
706
704
704
705
703
703
701
703
701
701
701
697
697
700
702
698
696
697
696
695
696
694
698
695
693
692
691
693
691
693
691
691
689
690
690
689
689
688
690
688
687
686
684
685
688
687
689
686
687
683
685
682
683
682
683
683
679
679
680
681
680
682
684
688
691
697
696
696
699
697
697
699
697
694
696
696
692
693
690
691
691
690
689
691
691
690
689
687
685
686
689
688
685
686
685
683
684
683
683
682
685
682
680
682
681
680
680
680
678
675
677
674
676
679
674
676
672
674
673
674
672
673
672
672
672
668
670
671
670
669
672
669
670
666
668
667
667
665
667
666
667
665
664
664
663
665
662
663
660
660
663
660
661
660
660
661
658
660
656
659
659
658
655
658
656
656
655
655
655
654
654
657
655
654
655
654
654
653
651
647
652
653
654
657
663
663
665
666
668
670
673
670
671
670
668
668
664
663
664
665
666
665
663
662
663
664
660
662
659
660
657
660
660
658
657
659
661
657
657
659
658
656
658
656
654
657
652
654
652
652
652
649
648
653
651
650
652
648
650
650
647
649
646
647
647
647
649
646
645
649
648
644
645
645
646
645
645
642
641
643
644
643
642
641
640
641
641
635
637
640
638
642
637
636
638
636
638
635
635
636
634
636
637
635
634
633
635
633
633
632
633
634
632
632
630
630
631
632
632
641
640
644
645
646
648
647
648
643
645
643
644
644
640
643
639
638
640
637
639
636
637
636
639
637
635
634
635
635
633
636
635
636
637
639
632
634
636
635
635
632
632
632
632
629
629
629
627
630
628
628
630
628
625
627
626
625
627
627
624
625
625
623
625
625
626
624
623
621
622
623
624
622
620
618
619
621
620
