- Blood Lab
- Date: 2022-12-07 16:53:31
- Duration: 15.00 s

1655
1656
1654
1652
1650
1655
1650
1654
1654
1653
1653
1648
1654
1650
1654
1652
1649
1653
1651
1648
1652
1647
1650
1649
1646
1648
1648
1648
1646
1650
1644
1646
1646
1643
1642
1643
1648
1643
1642
1646
1644
1645
1645
1645
1644
1642
1641
1645
1641
1641
1636
1645
1640
1641
1643
1645
1644
1640
1647
1647
1647
1649
1648
1646
1646
1641
1644
1639
1638
1638
1638
1635
1637
1641
1638
1640
1636
1642
1636
1636
1636
1636
1632
1638
1635
1635
1635
1635
1632
1632
1634
1631
1632
1631
1629
1630
1627
1630
1627
1626
1626
1625
1628
1628
1624
1626
1631
1625
1624
1624
1624
1620
1625
1624
1623
1625
1621
1622
1623
1618
1620
1619
1622
1620
1624
1622
1619
1618
1618
1621
1621
1618
1618
1617
1615
1614
1616
1615
1619
1615
1616
1615
1616
1614
1615
1615
1615
1615
1612
1611
1610
1615
1611
1612
1612
1609
1611
1613
1611
1608
1610
1607
1608
1612
1615
1615
1618
1615
1617
1614
1615
1612
1613
1613
1610
1609
1606
1609
1608
1607
1606
1605
1607
1608
1603
1606
1606
1604
1604
1600
1606
1602
1602
1606
1603
1605
1603
1604
1603
1602
1600
1600
1602
1598
1601
1600
1601
1599
1599
1596
1598
1599
1599
1594
1596
1596
1597
1595
1596
1596
1592
1597
1593
1595
1592
1595
1591
1593
1591
1591
1592
1590
1588
1587
1590
1587
1584
1590
1589
1586
1585
1586
1584
1585
1584
1585
1586
1584
1583
1584
1584
1586
1581
1583
1580
1579
1583
1582
1582
1580
1580
1576
1577
1581
1580
1587
1585
1584
1591
1589
1585
1585
1585
1581
1584
1581
1581
1576
1579
1580
1577
1580
1575
1579
1577
1576
1579
1580
1571
1574
1574
1575
1572
1574
1572
1574
1574
1570
1572
1572
1569
1572
1571
1571
1570
1568
1565
1567
1567
1563
1566
1568
1567
1566
1566
1565
1564
1563
1564
1564
1564
1564
1564
1560
1561
1563
1558
1564
1563
1561
1563
1559
1557
1559
1559
1557
1558
1559
1558
1557
1558
1554
1558
1554
1556
1558
1554
1552
1553
1551
1554
1552
1552
1555
1555
1548
1555
1550
1552
1551
1553
1549
1550
1550
1549
1551
1549
1548
1547
1548
1551
1548
1546
1545
1547
1545
1544
1547
1550
1547
1545
1545
1544
1545
1547
1548
1552
1551
1552
1554
1555
1551
1557
1555
1550
1550
1547
1547
1544
1544
1542
1545
1543
1543
1542
1543
1547
1544
1543
1544
1543
1539
1542
1539
1539
1541
1538
1539
1539
1538
1537
1540
1538
1539
1535
1537
1537
1533
1532
1535
1532
1534
1532
1534
1533
1534
1532
1532
1530
1530
1531
1527
1530
1528
1530
1531
1529
1527
1529
1526
1530
1525
1524
1524
1526
1526
1526
1523
1526
1524
1521
1523
1526
1523
1523
1520
1524
1523
1519
1518
1519
1520
1521
1520
1518
1522
1517
1522
1518
1521
1519
1518
1518
1518
1518
1516
1518
1517
1517
1517
1511
1515
1513
1519
1515
1516
1514
1512
1518
1515
1515
1516
1516
1520
1521
1523
1523
1523
1524
1523
1521
1521
1520
1520
1515
1514
1513
1515
1513
1514
1511
1513
1513
1513
1511
1511
1508
1508
1512
1508
1508
1512
1510
1512
1508
1509
1508
1509
1504
1509
1504
1506
1507
1507
1504
1505
1505
1503
1504
1502
1502
1500
1500
1503
1503
1503
1501
1501
1501
1499
1503
1500
1498
1500
1499
1501
1499
1499
1497
1495
1498
1494
1495
1497
1497
1496
1495
1493
1496
1494
1495
1495
1495
1494
1491
1494
1493
1491
1494
1490
1491
1491
1494
1488
1492
1488
1489
1488
1489
1491
1495
1494
1497
1497
1502
1501
1496
1502
1501
1499
1496
1498
1491
1488
1491
1490
1486
1487
1487
1494
1489
1491
1490
1489
1488
1488
1486
1487
1486
1486
1485
1485
1484
1480
1488
1484
1482
1484
1484
1484
1482
1481
1480
1475
1481
1480
1479
1478
1479
1479
1479
1479
1479
1477
1476
1477
1476
1473
1474
1477
1476
1476
1473
1473
1475
1473
1474
1477
1472
1473
1473
1471
1471
1470
1471
1471
1471
1468
1468
1469
1467
1468
1469
1468
1469
1467
1466
1466
1465
1467
1467
1468
1467
1468
1466
1469
1466
1467
1467
1464
1461
1462
1462
1464
1464
1462
1458
1461
1464
1465
1465
1467
1470
1471
1474
1475
1474
1476
1477
1475
1469
1469
1467
1463
1463
1466
1464
1465
1468
1462
1465
1465
1462
1465
1464
1460
1460
1460
1461
1463
1459
1459
1459
1458
1459
1454
1457
1458
1454
1455
1451
1455
1456
1455
1453
1448
1449
1454
1449
1452
1451
1452
1450
1449
1452
1450
1449
1449
1447
1449
1447
1447
1448
1446
1447
1445
1447
1446
1447
1444
1444
1446
1445
1443
1441
1447
1445
1442
1442
1439
1443
1440
1443
1444
1442
1440
1441
1439
1441
1442
1441
1438
1439
1438
1439
1437
1437
1437
1440
1437
1437
1438
1436
1439
1436
1438
1436
1432
1436
1436
1433
1435
1430
1435
1430
1435
1434
1432
1430
1435
1435
1442
1441
1444
1447
1446
1446
1447
1447
1443
1445
1443
1441
1441
1434
1438
1433
1436
1435
1438
1436
1433
1435
1433
1436
1432
1432
1432
1434
1431
1433
1431
1431
1433
1432
1430
1428
1429
1432
1430
1429
1430
1428
1428
1427
1427
1426
1426
1425
1424
1425
1423
1424
1427
1425
1422
1423
1423
1421
1420
1420
1420
1420
1422
1420
1419
1422
1423
1417
1418
1421
1419
1415
1417
1418
1417
1419
1418
1420
1417
1413
1417
1416
1417
1415
1416
1412
1414
1415
1412
1415
1411
1415
1411
1412
1412
1411
1414
1413
1419
1421
1424
1428
1424
1428
1429
1427
1425
1422
1423
1422
1419
1416
1416
1415
1412
1416
1411
1414
1414
1414
1412
1413
1410
1408
1414
1408
1411
1410
1411
1409
1411
1408
1410
1408
1407
1406
1407
1407
1407
1400
1403
1405
1404
1400
1401
1401
1401
1402
1401
1400
1400
1401
1399
1400
1402
1403
1399
1397
1400
1398
1395
1397
1396
1397
1396
1396
1396
1395
1392
1396
1394
1392
1393
1397
1393
1395
1393
1394
1393
1392
1392
1389
1391
1392
1390
1391
1388
1386
1390
1390
1390
1387
1388
1387
1388
1387
1386
1386
1388
1384
1388
1390
1385
1385
1389
1388
1389
1384
1386
1389
1390
1395
1395
1399
1400
1399
1404
1403
1403
1402
1402
1397
1398
1397
1393
1391
1393
1391
1394
1391
1390
1395
1392
1391
1393
1393
1388
1388
1388
1390
1386
1385
1385
1383
1389
1386
1379
1381
1384
1380
1382
1383
1379
1380
1377
1376
1377
1376
1380
1376
1380
1376
1379
1379
1377
1375
1374
1376
1378
1375
1376
1374
1374
1375
1373
1376
1377
1375
1371
1372
1372
1370
1372
1372
1371
1371
1372
1373
1366
1371
1369
1369
1372
1368
1368
1368
1371
1370
1369
1369
1367
1370
1370
1369
1364
1368
1367
1362
1368
1368
1366
1365
1369
1362
1365
1367
1367
1366
1365
1367
1367
1364
1364
1366
1365
1365
1363
1366
1370
1372
1371
1375
1379
1378
1379
1380
1383
1376
1377
1372
1374
1372
1371
1369
1367
1365
1369
1369
1367
1368
1367
1368
1367
1364
1364
1364
1362
1363
1367
1366
1364
1363
1366
1361
1361
1363
1362
1362
1359
1361
1359
1358
1358
1356
1353
1355
1354
1355
1357
1355
1353
1358
1352
1356
1355
1355
1353
1352
1356
1352
1351
1348
1352
1354
1353
1351
1349
1352
1347
1351
1353
1352
1350
1347
1348
1349
1350
1348
1349
1347
1346
1347
1347
1347
1349
1345
1347
1347
1345
1346
1344
1350
1352
1355
1357
1360
1362
1366
1366
1365
1365
1364
1363
1360
1358
1357
1359
1357
1356
1358
1353
1354
1351
1350
1353
1349
1351
1348
1346
1347
1341
1346
1347
1345
1344
1346
1343
1346
1346
1340
1341
1339
1340
1337
1339
1339
1337
1339
1337
1334
1336
1337
1335
1338
1337
1336
1335
1337
1332
1332
1334
1334
1335
1335
1338
1336
1328
1334
1332
1331
1332
1332
1331
1331
1331
1330
1329
1333
1330
1328
1329
1328
1330
1329
1329
1330
1326
1328
1327
1328
1328
1327
1328
1326
1325
1326
1323
1323
1326
1324
1326
1324
1323
1324
1321
1323
1323
1325
1324
1323
1322
1321
1320
1323
1321
1327
1330
1329
1333
1339
1339
1341
1343
1344
1345
1343
1341
1337
1339
1337
1335
1333
1335
1334
1335
1333
1333
1330
1336
1332
1330
1331
1328
1331
1331
1325
1328
1325
1327
1328
1326
1327
1327
1324
1321
1321
1322
1318
1320
1320
1320
1317
1319
1319
1317
1314
1317
1317
1317
1317
1314
1315
1314
1317
1312
1316
1317
1316
1311
1314
1312
1315
1313
1313
1312
1311
1309
1311
1308
1311
1309
1312
1309
1311
1308
1312
1309
1309
1308
1307
1308
1308
1307
1308
1307
1309
1305
