- Blood Lab
- Date: 2022-12-07 17:36:48
- Duration: 20.00 s

1131
1132
1131
1132
1127
1129
1124
1125
1126
1123
1120
1119
1120
1120
1118
1118
1117
1116
1113
1113
1117
1112
1111
1110
1107
1105
1104
1105
1104
1106
1103
1103
1101
1105
1107
1112
1114
1121
1122
1124
1127
1125
1127
1127
1127
1125
1121
1119
1118
1116
1113
1112
1110
1109
1107
1105
1103
1103
1099
1099
1095
1099
1093
1096
1096
1097
1093
1092
1093
1089
1089
1087
1085
1086
1086
1080
1082
1078
1079
1078
1076
1073
1074
1070
1068
1069
1065
1064
1064
1062
1061
1060
1059
1059
1055
1057
1056
1055
1051
1051
1048
1051
1050
1051
1046
1047
1043
1046
1043
1043
1041
1041
1043
1040
1039
1038
1039
1034
1036
1034
1039
1041
1046
1051
1057
1058
1061
1063
1063
1060
1061
1060
1059
1054
1055
1054
1052
1049
1051
1049
1049
1048
1046
1040
1043
1038
1039
1039
1039
1040
1037
1036
1037
1038
1035
1033
1034
1036
1034
1031
1030
1029
1026
1027
1024
1024
1024
1021
1016
1019
1016
1015
1010
1010
1011
1008
1008
1008
1006
1005
1002
1002
999
1001
999
1000
998
995
994
993
991
992
989
988
985
984
990
985
985
984
984
982
979
978
977
976
971
974
975
972
974
975
975
984
986
994
998
1001
998
999
996
999
999
998
999
1000
996
996
996
996
997
995
995
988
990
991
988
986
989
987
986
984
984
982
983
981
980
979
977
978
975
973
975
971
970
969
967
967
964
964
963
964
963
960
958
955
953
952
951
949
949
950
950
946
946
943
943
941
942
944
939
939
937
938
937
936
934
935
933
932
932
928
929
929
929
927
924
927
924
921
921
921
920
919
920
916
916
916
920
923
927
934
937
941
941
941
939
945
942
942
939
939
939
942
939
939
943
938
940
933
934
934
930
931
931
931
929
927
926
924
925
926
923
921
922
923
920
921
919
914
915
916
915
914
912
908
909
909
907
905
905
905
901
903
901
902
896
896
897
896
896
895
893
895
891
891
888
888
888
887
888
883
887
884
883
884
883
881
882
878
877
877
877
872
877
881
881
885
887
890
889
894
893
891
889
893
892
893
893
892
888
887
888
884
886
881
883
882
880
879
878
879
876
877
876
873
875
877
872
873
870
871
870
871
866
865
867
866
863
860
861
863
859
862
861
858
857
858
855
855
854
851
852
851
851
847
847
847
848
847
845
840
842
844
843
840
843
843
847
851
852
852
854
854
855
855
856
855
855
856
854
853
851
852
851
850
851
849
847
842
842
841
845
841
841
839
838
839
838
838
837
837
836
835
833
835
833
836
830
830
831
828
830
827
828
827
827
826
824
824
821
822
822
821
819
818
820
820
818
817
818
814
813
812
813
816
812
810
809
808
809
809
812
812
817
819
819
819
822
821
820
819
821
819
822
822
819
818
819
817
818
817
815
815
814
812
809
809
810
811
812
808
809
808
806
805
807
807
804
803
802
801
802
800
797
799
803
798
798
800
793
794
794
792
791
793
792
789
789
789
788
790
788
784
786
785
785
784
783
784
783
785
783
783
781
782
777
777
777
780
778
778
776
775
773
775
770
774
771
769
770
768
768
768
767
766
766
766
766
767
766
763
765
761
763
760
759
758
758
760
759
765
768
770
770
771
773
774
773
774
773
773
774
773
775
771
770
774
771
768
767
766
765
764
762
760
761
763
760
757
761
760
759
760
759
758
760
759
760
758
754
755
756
753
753
752
755
750
751
750
745
747
748
749
747
745
744
743
744
743
742
742
743
743
740
740
739
738
737
737
738
736
737
735
736
736
734
732
733
731
729
729
731
730
729
731
728
728
728
727
726
727
725
723
722
721
725
720
720
720
722
720
721
721
719
722
727
728
729
730
727
729
732
732
731
731
729
729
728
728
728
727
728
724
724
723
724
723
721
719
720
718
721
720
716
717
716
717
716
718
717
717
714
713
714
714
714
714
711
710
710
710
710
709
712
707
707
706
705
703
704
705
702
700
701
701
702
699
697
696
699
698
697
695
699
699
697
694
693
694
690
696
691
695
692
692
690
692
688
690
689
689
689
688
687
689
683
685
684
683
685
682
681
681
684
683
684
684
688
687
691
690
693
694
695
693
693
694
694
691
690
686
693
690
689
689
688
686
686
683
686
683
684
684
682
684
683
679
679
682
681
681
681
683
680
680
680
677
678
676
678
674
672
675
673
671
674
672
669
670
670
668
667
665
668
667
665
665
665
664
665
667
666
662
659
661
664
662
659
657
657
658
660
662
656
658
657
659
655
657
655
652
655
652
651
654
654
653
657
656
659
660
660
663
663
661
665
660
659
659
660
658
660
656
659
655
657
657
653
652
651
652
650
650
649
650
649
649
647
650
649
650
649
650
648
647
646
647
645
642
644
644
643
641
641
641
639
638
638
639
638
638
639
638
635
634
635
635
632
634
631
632
635
632
630
633
631
629
631
631
628
627
628
630
627
628
627
626
628
627
628
632
632
632
636
633
635
636
636
635
635
635
634
631
633
631
630
631
627
632
627
630
627
626
625
627
625
626
624
625
624
623
627
624
622
626
623
621
624
624
620
619
619
617
618
616
619
615
615
615
617
615
613
612
612
614
614
610
614
609
611
609
608
608
610
610
606
608
608
605
607
606
609
608
606
605
604
601
603
604
605
606
610
610
612
612
611
613
613
611
613
611
611
611
612
609
611
608
609
607
607
607
604
604
602
604
601
603
601
600
605
603
602
601
604
602
600
601
599
601
598
598
598
599
597
594
595
597
594
593
592
592
593
591
590
591
594
590
587
591
589
590
587
591
588
587
584
583
585
585
585
583
585
582
584
584
585
584
582
581
583
582
579
581
581
582
577
579
577
578
576
577
579
573
576
575
570
573
576
574
575
574
579
580
583
583
583
583
583
583
586
584
583
583
585
581
582
580
580
581
580
577
580
575
576
576
577
572
576
578
574
576
574
576
572
574
573
576
570
575
573
570
572
569
569
568
571
567
571
568
568
567
566
565
564
566
565
565
564
563
563
564
564
563
561
563
562
562
561
560
559
561
558
560
561
557
558
557
557
559
559
557
555
556
553
557
556
551
554
553
554
552
552
555
556
559
559
560
562
560
562
563
561
563
560
560
561
560
560
557
557
556
558
555
552
552
553
550
552
556
553
554
550
550
552
551
552
548
551
552
547
551
548
547
548
547
545
547
547
548
547
544
544
542
544
544
543
542
540
541
542
540
542
541
539
538
540
539
536
536
538
537
537
538
537
536
536
533
535
537
537
536
539
540
541
541
541
543
543
542
543
543
541
540
540
537
540
537
540
538
537
536
534
536
536
532
535
533
534
533
531
530
533
535
532
532
534
532
531
531
532
529
527
528
528
527
529
529
528
526
527
523
525
525
525
524
521
525
520
523
524
524
521
521
521
519
524
521
520
518
521
522
521
521
524
523
524
526
525
527
525
527
526
524
526
524
525
524
523
521
523
522
524
522
522
520
518
519
519
518
518
517
516
515
519
520
516
517
517
516
517
518
516
516
515
518
514
513
512
512
513
511
511
511
513
510
511
506
509
511
511
508
506
509
507
508
506
507
507
505
506
505
505
506
504
503
502
505
503
505
504
506
508
511
511
509
510
509
511
511
510
510
510
508
507
508
508
506
505
506
503
503
504
505
504
502
502
504
502
503
506
501
503
502
503
499
502
502
500
499
500
499
500
498
498
497
496
495
497
495
497
495
492
495
494
492
494
496
493
492
490
490
492
491
490
489
492
490
488
491
492
488
491
489
490
488
488
486
487
486
487
486
487
487
486
485
481
487
485
485
484
485
483
486
486
485
478
483
480
480
482
480
481
479
481
482
480
485
485
485
487
487
489
487
488
489
488
486
490
486
483
483
483
483
486
484
480
482
481
480
479
483
482
483
480
478
480
482
481
479
480
481
481
479
480
477
477
480
476
478
477
477
476
477
476
476
475
472
474
473
475
472
475
472
472
470
471
473
472
469
470
472
469
471
470
467
470
468
468
466
467
467
467
467
467
467
465
468
465
465
470
468
469
469
471
472
471
472
472
471
471
473
469
471
470
468
467
469
466
467
465
462
464
463
463
463
465
463
463
464
464
460
463
465
467
462
461
462
462
459
462
461
459
461
458
459
459
457
456
458
456
456
459
457
456
453
454
455
456
453
455
453
453
454
455
454
451
453
454
453
451
453
449
452
452
451
450
453
454
454
455
455
457
455
456
453
457
456
455
453
455
456
455
452
453
453
452
451
450
449
450
450
451
449
451
448
450
447
448
450
448
449
448
450
450
450
449
448
447
448
449
445
447
442
445
444
444
441
444
446
442
446
441
442
440
443
443
441
440
441
443
441
440
442
441
441
440
440
440
440
439
440
440
438
439
442
442
444
443
445
444
445
444
442
443
444
441
442
440
441
440
443
440
437
440
437
439
437
437
439
436
437
434
437
438
436
436
437
435
436
435
435
435
435
439
435
436
434
433
435
432
432
431
431
430
432
431
432
430
429
428
428
430
430
429
429
429
429
427
430
430
429
428
427
428
426
425
