- Blood Lab
- Date: 2022-12-07 17:57:06
- Duration: 20.00 s

1044
1041
1045
1050
1050
1055
1056
1058
1059
1060
1059
1057
1056
1056
1054
1050
1048
1046
1043
1043
1038
1041
1036
1036
1031
1032
1030
1033
1029
1030
1027
1026
1026
1026
1028
1029
1028
1024
1024
1024
1022
1022
1021
1020
1016
1015
1018
1015
1011
1011
1011
1008
1008
1006
1008
1009
1005
1004
1005
1004
1003
1001
1004
999
1001
998
999
1000
999
999
996
995
995
992
995
992
991
989
991
989
991
987
985
984
985
985
987
984
984
984
981
982
982
979
978
977
979
976
977
975
976
976
976
974
974
972
972
970
971
970
968
969
967
966
966
969
971
973
979
979
981
982
987
988
990
986
987
985
983
982
979
977
973
976
969
969
964
965
965
964
964
962
963
960
961
960
958
957
959
957
958
958
956
952
955
952
952
948
948
946
945
944
944
941
939
941
937
937
936
934
932
934
934
934
933
933
931
933
929
930
928
931
928
927
926
927
928
924
925
925
924
923
922
919
918
919
919
917
916
917
917
915
912
912
913
910
911
912
910
908
910
907
908
909
907
906
906
903
904
905
904
904
905
904
904
907
910
911
915
922
922
923
927
924
927
924
924
919
919
918
914
917
911
911
910
909
904
905
903
905
904
903
900
901
901
900
903
902
897
899
897
897
897
896
894
892
895
892
887
886
890
886
883
884
884
883
878
878
880
880
877
878
879
875
875
872
873
873
870
871
874
872
870
871
871
868
867
865
865
866
866
863
864
864
863
864
858
859
857
857
860
857
858
857
858
856
854
855
855
851
851
851
851
852
854
857
862
868
872
874
877
876
876
875
875
878
873
873
871
871
871
867
867
865
864
864
863
863
860
859
862
862
860
861
860
862
857
860
857
859
860
855
854
854
854
852
849
848
847
845
844
845
843
841
840
840
839
836
839
835
834
835
830
834
835
832
831
831
831
832
828
827
827
827
828
823
822
824
825
823
821
822
820
820
820
818
819
817
816
815
816
815
815
814
812
811
811
811
811
812
808
808
808
806
807
804
807
804
809
811
812
817
824
828
830
829
829
832
835
829
829
832
828
831
830
825
825
829
822
824
825
821
823
819
819
819
819
819
820
819
816
817
815
814
812
812
815
813
812
809
807
806
806
804
804
804
802
800
798
799
799
796
794
798
796
798
792
794
794
795
789
791
789
789
791
792
789
789
786
789
786
785
785
783
782
781
782
780
780
779
776
779
774
776
776
775
773
776
772
774
771
771
771
772
770
768
766
766
766
768
769
771
771
776
777
784
785
789
788
790
792
792
791
791
787
790
785
787
784
782
785
780
780
778
780
777
777
774
776
774
776
775
774
775
774
774
771
774
771
772
770
766
765
764
764
765
765
761
761
761
760
761
757
757
758
757
754
756
755
756
755
755
753
753
755
753
752
750
748
748
750
749
749
747
747
749
747
746
745
739
744
743
743
740
744
741
742
739
739
739
737
735
734
735
735
733
735
735
733
731
732
731
729
730
730
729
729
731
732
737
744
747
748
751
751
754
753
752
750
752
751
749
751
750
748
745
745
746
745
744
743
741
740
741
739
739
740
737
739
741
736
737
738
736
734
736
735
736
733
734
735
733
730
730
728
728
727
726
727
724
723
722
722
724
721
722
721
719
720
720
717
721
717
717
714
719
718
715
716
714
714
714
716
714
710
711
711
712
710
711
706
709
709
707
708
705
705
704
705
702
704
705
700
701
701
699
700
700
700
699
699
697
698
700
696
697
696
703
706
709
710
712
712
715
715
714
714
715
713
713
713
715
711
710
712
710
711
710
709
708
704
705
709
707
707
709
706
704
704
708
707
705
704
704
705
704
703
701
699
697
698
699
694
697
693
696
693
693
693
693
693
694
694
692
692
692
691
693
688
692
691
691
688
692
690
688
690
685
686
684
685
683
681
680
682
684
683
681
681
679
678
679
680
676
678
681
677
674
675
675
674
672
673
674
675
678
684
685
687
689
690
692
691
692
694
691
691
686
688
687
686
686
689
686
688
687
684
685
684
684
683
682
681
683
686
682
684
680
680
682
682
681
681
678
680
676
677
679
679
677
676
675
673
672
675
671
671
671
670
668
670
668
671
670
669
671
665
670
671
670
668
664
667
661
665
660
666
664
663
662
662
659
659
663
661
660
659
658
659
658
661
657
656
656
654
655
654
654
654
654
654
651
654
655
656
660
663
665
667
667
668
667
668
669
669
669
672
668
666
666
667
664
667
663
663
664
662
662
660
659
660
660
662
660
659
663
660
660
663
660
659
658
658
657
659
657
657
655
654
655
653
654
652
648
653
651
647
650
647
648
647
649
649
648
647
650
644
647
646
644
644
646
644
647
645
644
643
643
643
641
643
644
642
639
641
638
636
639
641
637
639
637
635
636
635
633
632
635
633
634
635
638
641
648
648
647
648
649
646
649
650
649
649
647
647
647
646
647
645
647
642
643
643
644
644
643
638
640
642
641
639
641
643
641
641
640
638
640
642
641
638
642
639
639
636
638
638
638
639
636
636
634
635
636
636
637
635
635
636
634
633
635
633
630
632
632
630
632
633
630
629
628
628
628
630
626
627
627
628
625
622
625
622
625
625
623
622
623
620
622
620
621
621
619
618
617
617
618
618
616
623
623
623
627
630
630
632
633
632
636
635
637
633
632
635
634
634
632
632
631
631
631
633
630
630
627
629
629
626
629
631
631
626
627
627
630
627
628
628
628
629
625
626
626
625
624
623
622
622
623
618
620
624
620
618
620
619
619
618
618
618
615
616
616
614
614
615
616
615
616
614
614
614
613
610
611
610
612
611
611
609
612
606
609
608
608
607
608
604
608
605
606
607
603
604
604
601
602
602
604
602
598
602
601
601
601
599
598
599
598
598
601
605
609
612
611
612
617
613
616
614
613
609
612
612
613
611
612
609
610
615
614
609
610
610
612
608
608
609
611
609
608
611
608
608
608
607
608
608
609
606
605
604
603
606
603
604
603
601
600
601
600
600
600
601
599
600
600
602
601
598
601
597
596
600
598
596
598
596
595
597
597
594
594
595
594
592
592
589
591
592
590
591
592
590
589
589
590
589
587
590
587
588
585
588
585
584
587
586
586
585
585
585
581
584
583
583
583
581
585
590
589
595
594
596
595
593
598
598
597
598
598
595
596
595
596
593
592
592
592
591
592
590
589
589
592
590
593
591
591
590
591
590
591
591
590
591
588
587
590
587
590
586
582
586
587
584
583
585
582
583
585
584
583
580
581
581
579
580
579
579
580
580
580
582
579
580
577
578
577
578
573
575
576
573
574
575
574
574
575
574
574
572
575
570
572
570
568
571
569
568
566
572
568
569
567
565
568
566
568
564
565
565
562
568
567
569
570
575
574
576
577
577
579
578
581
579
582
579
579
580
579
576
575
576
576
574
574
573
575
571
571
571
574
574
572
573
572
574
572
571
571
572
571
574
571
572
568
571
569
567
569
567
568
568
566
566
568
566
568
563
564
563
564
561
563
560
562
561
564
560
560
561
561
561
560
560
556
559
559
557
559
556
555
556
553
555
558
554
553
552
553
555
552
551
549
551
550
548
548
549
549
546
550
548
548
547
548
545
547
547
545
544
547
548
554
556
553
558
560
556
556
560
557
557
557
558
558
556
555
556
553
554
552
554
551
550
552
553
549
550
549
551
550
549
550
551
552
553
551
549
550
550
551
547
550
548
548
547
545
545
543
542
549
544
543
543
543
544
543
540
542
540
541
540
539
542
542
540
539
539
535
538
539
539
537
535
538
535
534
536
534
534
534
536
534
535
532
531
530
529
531
532
533
531
533
529
528
529
530
529
532
535
536
540
540
542
543
540
541
543
544
541
541
541
543
542
540
539
540
539
539
536
535
536
534
534
534
535
535
533
535
537
536
538
536
537
537
532
534
536
535
534
533
531
531
533
528
529
530
528
528
529
528
529
526
527
529
525
524
526
527
526
524
522
524
524
524
523
524
520
523
523
523
522
520
523
524
519
517
519
519
517
518
518
516
519
515
517
515
513
515
518
517
517
518
524
527
524
528
525
527
528
528
530
526
531
525
527
524
526
525
526
523
520
524
524
521
521
521
522
519
523
522
522
523
520
524
522
523
522
519
520
518
520
519
518
517
517
517
516
517
515
517
514
518
514
514
513
513
514
514
514
510
514
512
512
514
512
513
510
512
512
508
509
508
508
508
509
508
509
505
510
505
504
504
504
504
507
510
510
511
512
512
513
516
517
515
515
514
514
515
514
514
512
510
514
510
512
511
509
509
510
511
510
508
510
509
508
510
508
509
510
507
509
507
509
507
505
504
505
504
504
505
503
505
504
501
503
501
499
503
500
503
503
501
501
501
502
499
498
498
496
499
497
497
496
498
496
498
494
496
497
492
495
495
494
492
494
495
490
493
495
492
492
493
492
490
493
493
495
497
500
499
501
